V 54
K 1
D 0 -762000 3302000 0
Y 1
U 2921000 762000 254000 0 2 3 REFDES=VR?
U 2921000 508000 254000 0 2 3 DEVICE=PTN09S2-H10120K1A
U 2921000 254000 254000 0 2 0 PKG_TYPE=PTN09S2H10120K1A
U 2921000 0 254000 0 2 0 Description=9.5 mm, Horizontal, Dual Section, Logarithmic, 10K, Through Hole, Knurled Shaft Rotary Potentiometer
U 2921000 -254000 254000 0 2 0 Datasheet Link=https://www.sameskydevices.com/product/resource/ptn09sx.pdf
U 2921000 -508000 254000 0 2 0 Height=10.66
U 2921000 -762000 254000 0 2 0 Mouser Part Number=
U 2921000 -1016000 254000 0 2 0 Mouser Price/Stock=
U 2921000 -1270000 254000 0 2 0 Manufacturer_Name=Same Sky
U 2921000 -1524000 254000 0 2 0 Manufacturer_Part_Number=PTN09S2-H10120K1A
U 0 0 254000 0 1 0 FORWARD_PCB=1
l 5 508000 254000 2794000 254000 2794000 -1016000 508000 -1016000 508000 254000
|GRPHSTL -1 -1 -1 1
P 1 0 0 508000 0 0 2 0
L 584200 0 228600 0 2 0 1 0 CCW1
A 355600 50800 203200 0 9 3 #=1
A 0 0 9 0 3 0 PINTYPE=BI
P 2 0 -254000 508000 -254000 0 2 0
L 584200 -254000 228600 0 2 0 1 0 WIPER1
A 355600 -203200 203200 0 9 3 #=2
A 0 0 9 0 3 0 PINTYPE=BI
P 3 0 -508000 508000 -508000 0 2 0
L 584200 -508000 228600 0 2 0 1 0 CW1
A 355600 -457200 203200 0 9 3 #=3
A 0 0 9 0 3 0 PINTYPE=BI
P 4 0 -762000 508000 -762000 0 2 0
L 584200 -762000 228600 0 2 0 1 0 CCW2
A 355600 -711200 203200 0 9 3 #=4
A 0 0 9 0 3 0 PINTYPE=BI
P 5 3302000 0 2794000 0 0 3 0
L 2717800 0 228600 0 8 0 1 0 WIPER2
A 2946400 50800 203200 0 3 3 #=5
A 0 0 9 0 3 0 PINTYPE=BI
P 6 3302000 -254000 2794000 -254000 0 3 0
L 2717800 -254000 228600 0 8 0 1 0 CW2
A 2946400 -203200 203200 0 3 3 #=6
A 0 0 9 0 3 0 PINTYPE=BI
P 7 3302000 -508000 2794000 -508000 0 3 0
L 2717800 -508000 228600 0 8 0 1 0 COM
A 2946400 -457200 203200 0 3 3 #=7
A 0 0 9 0 3 0 PINTYPE=BI
P 8 3302000 -762000 2794000 -762000 0 3 0
L 2717800 -762000 228600 0 8 0 1 0 N.O.
A 2946400 -711200 203200 0 3 3 #=8
A 0 0 9 0 3 0 PINTYPE=BI
E
